Host (warm, all runs between guest configurations):
  npm-ci      p50   2.326 s  min   2.288  max   2.596  n=75
  git-status  p50   0.250 s  min   0.247  max   0.335  n=75
  go-incr     p50   0.439 s  min   0.432  max   0.622  n=75
  go-clean    p50   5.196 s  min   5.062  max   6.399  n=15
  fsync       p50   1.281 s  min   1.077  max   1.481  n=75
  seqwrite    p50   0.239 s  min   0.214  max   0.425  n=75

Guest p50 seconds, warm (share of host warm throughput in brackets):
  label                                npm-ci       git-status          go-incr         go-clean            fsync         seqwrite
  asif-automatic-fsync           3.475 [0.67]     0.191 [1.30]     0.546 [0.81]     8.911 [0.58]     1.195 [1.07]     0.210 [1.14]
  asif-automatic-full            3.456 [0.67]     0.194 [1.29]     0.564 [0.78]     9.110 [0.57]     1.775 [0.72]     0.314 [0.76]
  asif-automatic-none            3.583 [0.65]     0.193 [1.29]     0.545 [0.81]     9.487 [0.55]     0.349 [3.67]     0.265 [0.90]
  asif-cached-fsync              3.560 [0.65]     0.179 [1.39]     0.545 [0.81]    10.602 [0.49]     1.222 [1.05]     0.302 [0.79]
  asif-cached-full               3.598 [0.65]     0.191 [1.31]     0.607 [0.72]    10.493 [0.50]     1.652 [0.78]     0.348 [0.69]
  asif-cached-none               3.329 [0.70]     0.185 [1.35]     0.605 [0.73]    11.586 [0.45]     0.253 [5.06]     0.667 [0.36]
  asif-uncached-fsync            3.272 [0.71]     0.191 [1.31]     0.533 [0.82]     8.688 [0.60]     1.212 [1.06]     0.213 [1.12]
  asif-uncached-full             3.329 [0.70]     0.205 [1.22]     0.605 [0.73]     8.583 [0.61]     1.503 [0.85]     0.269 [0.89]
  asif-uncached-none             3.169 [0.73]     0.193 [1.30]     0.549 [0.80]     9.757 [0.53]     0.352 [3.64]     0.241 [0.99]
  ramdisk-cpu4                   3.025 [0.77]     0.203 [1.23]     0.564 [0.78]     7.804 [0.67]                -                -
  raw-automatic-fsync            3.442 [0.68]     0.190 [1.31]     0.540 [0.81]     9.179 [0.57]     0.662 [1.94]     0.210 [1.14]
  raw-automatic-full             3.256 [0.71]     0.182 [1.37]     0.542 [0.81]     8.650 [0.60]     2.045 [0.63]     0.226 [1.05]
  raw-automatic-none             3.312 [0.70]     0.184 [1.36]     0.545 [0.81]     9.002 [0.58]     0.493 [2.60]     0.220 [1.08]
  raw-cached-none                3.082 [0.75]     0.193 [1.29]     0.613 [0.72]     9.750 [0.53]     0.204 [6.28]     0.144 [1.65]
  raw-cpu8-automatic-full        3.651 [0.64]     0.192 [1.30]     0.575 [0.76]     7.630 [0.68]     1.941 [0.66]     0.252 [0.95]
  raw-cpu8-automatic-none        3.718 [0.63]     0.195 [1.28]     0.579 [0.76]     7.575 [0.69]     0.506 [2.53]     0.189 [1.26]

Guest p50 seconds, cold (share of host warm throughput in brackets):
  label                                npm-ci       git-status          go-incr         go-clean            fsync         seqwrite
  asif-automatic-fsync           4.914 [0.47]     0.733 [0.34]     2.192 [0.20]    15.490 [0.34]     1.257 [1.02]     0.231 [1.03]
  asif-automatic-full            4.788 [0.49]     0.599 [0.42]     2.138 [0.21]     8.826 [0.59]     1.865 [0.69]     0.430 [0.55]
  asif-automatic-none            4.680 [0.50]     0.659 [0.38]     2.109 [0.21]    10.781 [0.48]     0.396 [3.23]     0.379 [0.63]
  asif-cached-fsync              4.800 [0.48]     0.652 [0.38]     1.782 [0.25]     9.364 [0.55]     1.209 [1.06]     0.361 [0.66]
  asif-cached-full               4.928 [0.47]     0.692 [0.36]     1.696 [0.26]     9.147 [0.57]     1.806 [0.71]     0.821 [0.29]
  asif-cached-none               4.825 [0.48]     0.693 [0.36]     1.727 [0.25]    10.169 [0.51]     0.270 [4.74]     0.196 [1.22]
  asif-uncached-fsync            4.481 [0.52]     0.595 [0.42]     2.006 [0.22]     8.491 [0.61]     1.193 [1.07]     0.242 [0.98]
  asif-uncached-full             4.619 [0.50]     0.602 [0.41]     1.972 [0.22]     8.578 [0.61]     1.771 [0.72]     0.432 [0.55]
  asif-uncached-none             4.528 [0.51]     0.587 [0.43]     1.994 [0.22]     8.712 [0.60]     0.409 [3.14]     0.622 [0.38]
  ramdisk-cpu4                   4.113 [0.57]     0.575 [0.43]     1.398 [0.31]     9.010 [0.58]                -                -
  raw-automatic-fsync            4.494 [0.52]     0.592 [0.42]     2.133 [0.21]     8.611 [0.60]     0.682 [1.88]     0.288 [0.83]
  raw-automatic-full             4.510 [0.52]     0.579 [0.43]     2.052 [0.21]     8.635 [0.60]     2.083 [0.62]     0.469 [0.51]
  raw-automatic-none             4.554 [0.51]     0.581 [0.43]     2.124 [0.21]     8.643 [0.60]     0.552 [2.32]     0.263 [0.91]
  raw-cached-none                4.459 [0.52]     0.624 [0.40]     1.718 [0.26]     9.975 [0.52]     0.218 [5.87]     0.176 [1.36]
  raw-cpu8-automatic-full        4.719 [0.49]     0.588 [0.42]     1.602 [0.27]     7.513 [0.69]     1.884 [0.68]     0.431 [0.55]
  raw-cpu8-automatic-none        4.969 [0.47]     0.594 [0.42]     2.025 [0.22]     7.634 [0.68]     0.570 [2.25]     0.212 [1.13]
